0 0.30472314096715336 0.5647952782846716 0.2701870437956206 0.5486784329379563 0.2515254333941607 0.5886675980839416 0.2860615305656935 0.604784443430657
0 0.35937500000000006 0.6904296875 0.3291015625 0.6875 0.32315157860824745 0.7489831668814433 0.3534250161082475 0.7519128543814433
0 0.703125 0.6279296875000001 0.6616460424270074 0.6128464302007299 0.6460210424270074 0.6558151802007299 0.6875 0.6708984375
0 0.8935845588235295 0.6423851102941178 0.8507123161764705 0.6243336397058825 0.8279181985294116 0.6784696691176472 0.8707904411764705 0.6965211397058825
0 0.513877938646789 0.5829719753440367 0.46263080561926606 0.5675978354357798 0.4467997419724771 0.6203680475917432 0.498046875 0.6357421875
0 0.5021061004974599 0.7276027333827266 0.45299104307790017 0.6910812804297206 0.4187956445808637 0.7370681956498731 0.46791070200042334 0.773589648602879
0 0.34492187500000004 0.7876953124999999 0.31128906250000005 0.7828906249999998 0.29195312500000004 0.9182421875000001 0.32558593750000003 0.9230468750000002
0 1.0000423400641982 0.497006044248283 0.9990234374999998 0.310546875 0.9058738965922662 0.3110558888847417 0.9068927991564646 0.49751505813302477
0 0.10937500000000003 0.15625 3.354623312117505e-17 0.15625 4.795736000567272e-17 0.3916015625 0.10937500000000004 0.3916015625
0 0.8917476789558667 0.30519733079924666 0.7245473543460711 0.2935321918729818 0.7133962510091496 0.4533646730355222 0.8805965756189452 0.46502981196178705
0 0.3626179972852912 0.38909894033810466 0.3585112290227048 0.20429436852171767 0.18954085173988153 0.20804926579466929 0.19364762000246788 0.3928538376110563